0_1079efee042629d4ce28f0f1b509eda 28.989739208221437 0.9607260603904724 0.045202196314930915
1_110ab054cfc351f46a2345809e2bb169 22.998433237075805 0.9105649065971374 0.0855911670923233
2_1198255e3d20d2f323f3ca54768fe2ee 25.202461614608765 0.9172074184417724 0.06968858653306961
3_11a96098620b2ebac2f9fb5458a091d1 26.07591619491577 0.9406643540859222 0.06997238021157683
4_12243301d1c8148e33d7c9e122eec9b6 25.42186435699463 0.9457665016651153 0.06249684691801667
5_12410830e8a5067c69576518bd9bfe48 25.950585622787475 0.9340360140800477 0.10162473832070827
6_125a4780c2d5095d19454008aa267bf 25.535924243927003 0.9288776922225952 0.08616709389910102
7_12909f5d613953b8b3c9b3f81618206b 27.32902865409851 0.9685375828742981 0.039467968754470346
8_12941cb870df79b9815337ac44abb964 26.266420164108276 0.9446670150756836 0.05383205756172538
9_12de9c37c83992c66392cc95e1b05a28 20.638637313842775 0.8851557924747467 0.10519750763848423
10_1328a95d69cefe32f200a72c9245aee7 23.191350889205932 0.9145132193565368 0.061893260292708877
11_144d0880f61d813ef7b860bd772a37 24.014701509475707 0.9230096645355225 0.07089027141779661
12_1523402e11400b75becf71e2e014ff6f 23.406382493972778 0.9229995424747467 0.05474493562802672
13_1552f1a6521bb54a4bb135bcd06914d 23.17282428741455 0.9115912778377533 0.12973011883348226
14_156d4748560997c9a848f24544821b25 28.487126455307006 0.9482187407016754 0.054917994253337384
15_158a95b4da25aa1fa37f3fc191551700 26.439579372406005 0.9501762022972107 0.054666601011529564
16_15f605c6fffea827e7436c0fba14b4d2 18.742314853668212 0.8527434072494506 0.15059069040417672
17_167a645149efed1fdca2ca2624f821d9 21.989292397499085 0.9201383533477783 0.08885484944656491
18_167df2c10c116eb5d61b6a34f3fd808c 28.958109464645386 0.9682667887210846 0.03946757207065821
19_1688bcda878d3b18afe717997470b28d 24.37377911567688 0.927561101436615 0.04770466618053615
20_16ba461c0d7c8435dd141480e2c154d3 21.025445890426635 0.86057461810112 0.12002490027993917
21_1710ff46ca275e171df27141dea8c9a 21.381521787643432 0.903495881319046 0.10181263438984751
22_1714b6e57c8c4983fb1aad5dae793ff4 26.96429783821106 0.9510242238044738 0.05375781207717955
23_174f1a421f652029d577c0ac53e96823 24.140154199600218 0.916644876241684 0.07968712354637683
24_1790131f5f74b1ed973aff268eb6b00c 24.683357253074647 0.9318869190216065 0.08937581112608313
25_17926c1ef484b73e6758a098566bc94e 25.135267734527588 0.9429550049304962 0.049148882787674666
26_17bfc66c6bc0a99d68c415156b102065 22.99084448814392 0.9146339223384857 0.07893714551255107
27_188621bbfc7d9477ce27281f3b76d1f5 25.94042688369751 0.9333605554103851 0.0768073755763471
28_189c2b53ef76d02978a20fe14185667 28.133772554397584 0.9475723605155945 0.0634433853495866
29_189cffefcdd5cb071a126804ae24042 28.25134780883789 0.9591578075885773 0.04090493297018111
30_18da5e80080352be294d52e32dbd135b 20.78290216445923 0.860089174747467 0.13370296418666838
31_18f6df600df7341ab0bbc6f39febba97 20.03146294593811 0.8675439379215241 0.09956381461955607
32_19042f5a90290859441c11ab4641b257 25.042738580703734 0.9454332594871521 0.06571107631362974
33_192fdf42f5a2623d673ddeabdcc8c6e 24.665151176452635 0.9491429374217987 0.05888067938014865
34_19d35f3e0c0b402125ddb89f02fe6cc0 23.628070192337034 0.9267265331745148 0.058950815629214046
35_1a3782ae4bd711b66b418c7d9fedcaa9 25.30801788330078 0.9410300812721253 0.06835862627066672
36_1abeca7159db7ed9f200a72c9245aee7 25.163236999511717 0.9448818233013153 0.06182553087174893
37_1ae184691a39e3d3e0e8bce75d28b114 25.469480724334716 0.9157504062652588 0.07714278807491064
38_1ae530f49a914595b491214a0cc2380 26.150847778320312 0.9447839202880859 0.05301567111350596
39_1ae9732840a315afab2c2809513f396e 16.623103160858154 0.8365746631622314 0.16884726881235837
40_1be075751d7cfbf9ee8e9bd690a19ec1 28.047552156448365 0.9456179854869843 0.05231143640726805
41_1cb102a066270f79db1230abb5fc0167 24.75676797866821 0.9272090449333191 0.09675083843059838
42_1cb95c00d3bf6a3a58dbdf2b5c6acfca 24.190649690628053 0.9312390451431274 0.08367118226364255
43_1cd4a2c1b3b4a9661487189ebf835715 20.51412137031555 0.8645748960971832 0.0965071778409183
44_1cf14b4004e1d2e22c6ce678c9114ba5 22.692833380699156 0.9001715366840363 0.12006863222271204
45_1d234607fafd576b6dede2eec861f76 26.716032905578615 0.9420998997688294 0.058741059804335236
46_1d82316d98f620513b86a9df4269733 27.97560477256775 0.9575546386241913 0.0508495277967304
47_1d82451a55d19cdd711f9e3a79a13dcf 22.44978434562683 0.9097556290626526 0.11861712636053562
48_1e0ada2b1891ea39e79e3bf25d5c768e 22.835842838287352 0.9503150551319123 0.12331302328407764
49_1e3f494626a24badf35b4953d8add91f 26.283874158859252 0.9357794675827026 0.07178611299581826
50_1e987cad6ca8a97a7a24dbc42a104ca8 24.116848764419554 0.9319797897338867 0.12262868075072765
51_1f191e0327ce54474cdd04162f008888 24.383415994644164 0.9396975009441376 0.04987715885415673
52_1f8aee726cbf44c23d27832ab9ea6d92 25.975852060317994 0.9319757497310639 0.0810425027422607
53_20649c88556a7e7a113ef105f1affa3f 23.831719484329223 0.9315814957618713 0.04580582351237535
54_2131d5bcea38ce3a68bdb39538968e8e 25.287546548843384 0.9473286981582641 0.051601300979033114
55_2180046932174984a10cf495b6dc4ef 19.024861102104186 0.8556782140731811 0.1354016832895577
56_219a0021526791d18bb5c0bf5eec83fc 22.08964647293091 0.9025239539146424 0.09868723402544856
57_232a1bf61d6d80ffab0e638d7c0cfd7b 22.190265116691588 0.9248365736007691 0.05994951339997351
58_235392f8419bb5006a34aa94ca8a3355 21.753652377128603 0.8998801126480103 0.0936390791758895
59_2359486974efded33121f82ae456ac81 22.50195472717285 0.9243956124782562 0.06329466138035059
60_23bfcd49917919006a34aa94ca8a3355 24.831818675994874 0.9488224897384644 0.05775637609139085
61_244a8476648bd073834daea73aa18748 25.541764192581176 0.9502215540409088 0.04747049129754305
62_247de29743ed24c5e61b9ff60b1be412 25.689729137420656 0.9327836301326752 0.05728117297403514
63_24866846d728484e1d1a964dea8a7aab 18.26986623287201 0.8617499096393585 0.12382952281832695
64_259bf3c89b0b2152c1f18a2d53a6674a 26.673850898742675 0.96253750872612 0.065486184399575
65_25bd9f423333c691f606d4ef0b8dbe5b 20.1134588766098 0.8716509065628052 0.1262705185301602
66_25c292692638406620f29d4da2b76f7a 23.07458927154541 0.9132115478515626 0.08577918814867735
67_262a03114b8095856a1de667a28251e7 21.215463218688964 0.8882007269859314 0.10521034737303853
68_263e3ee9f0182cc48e35db9103756ad5 27.024151182174684 0.9542696895599365 0.048162854703143236
69_26569f96aa6c4ed880af23b535873bb9 25.196587285995484 0.9543146803379059 0.05019947617873549
70_265f0587e4018f7aff6fa400d1cc4c85 24.471304893493652 0.9262341752052307 0.11393398257344961
71_26c2c91d8eb660ecbeaa545f7f633287 24.15937822341919 0.9250623183250427 0.05777789372578263
72_26cc3a9cc0c28174ae30cad08127b470 29.49615940093994 0.94556329870224 0.06862950091063977
73_270b0846304e3d66bda733a39f84326d 29.098331365585327 0.9671959285736084 0.04156427760049701
74_27d42437168ccd7ddd75f724c0ccbe00 23.199964275360106 0.920401631116867 0.05979611452668905
75_2830f11dbd7172222214ff09b39580e9 25.761563596725463 0.9345914444923401 0.08395258637703955
76_28b5cb11ead4c878fd988235de2147e 24.286708345413206 0.9293191709518432 0.06717150526866317
77_28bdade3806ef2f328044fe9244db50a 20.556925163269042 0.8645545570850373 0.12021966516599059
78_294331fc6c86a51ec805dfe4ca9f2fdb 24.241288833618164 0.9556016893386841 0.06484358673170208
79_2999f005f1eba724bda733a39f84326d 28.346061563491823 0.9527354812622071 0.06310048954933882
80_29e9a4beeaeea1becf71e2e014ff6f 26.827372989654542 0.9468749389648438 0.04770569482259452
81_29fc55965346a53733d7c9e122eec9b6 26.641357622146607 0.9409892010688782 0.09132871474698186
82_2a82a66ce6273dce601c8ebc794de3f4 24.379417209625245 0.9215155730247497 0.0879024510346353
83_2a9b4308929f91a6e1007bcfcf09901 25.93034736633301 0.9467579917907715 0.056603726977482435
84_2acbb7959e6388236d068062d5d5809b 21.741909914016723 0.9171076309680939 0.06614457120187581
85_2b9cebe9ceae3f79186bed5098d348af 24.905538387298584 0.9412958998680114 0.061062963696196675
86_2ba7ea78b9b6e2a6b420256a03f575c0 21.15147116661072 0.9229150614738464 0.10190939179435372
87_2c3a5d170774da5ae4a44d0583e1bb01 24.16137186050415 0.9186552121639252 0.06807564826309681
88_2c407d592623011eda2ff65a113288d 26.50843698501587 0.9494495329856872 0.0655118366330862
89_2c6b14bcd5a5546d6a2992e9465c023b 23.91569694519043 0.9151345059871674 0.10807896519824862
90_2cb6de89f5b6e702b626f6a649199824 23.88926651954651 0.9233470203876495 0.047943912928923964
91_2cbcc226b4f952f29e1c4d21c8ecae7d 25.933968334198 0.9496890602111816 0.04972470972314477
92_2ccaaa66525d7f095473e57e894e0ef5 24.208552770614624 0.9181731832027435 0.0815761069841683
93_2ccc8183090b97cb21a66e8dfcce514a 25.431437816619873 0.9496991715431213 0.04832036811113358
94_2fb155f2d36541b5e3bdba9430565083 24.8541134929657 0.93337034201622 0.055135573133826256
95_2fb5fe84c28b8b35cc02882a83047172 24.76553906440735 0.9510655126571655 0.07063877915218472
96_30ad4418703c8cd2f1da888faee23fa4 20.2178564786911 0.8921197891235352 0.07943090065196157
97_30c86c4764df9f795686045783681fbc 20.601100349426268 0.8918576943874359 0.09655794934928418
98_30f4617775480bcce27281f3b76d1f5 22.796225318908693 0.9084827649593353 0.08342179602384567
99_30feb9f00597aa2a3781057335c8a2e8 22.861692519187926 0.9088611810207367 0.09035328499227763
100_31055873d40dc262c7477eb29831a699 22.22790620803833 0.9020752763748169 0.08578042617067695
101_312cfe616ce515be5826faa473422ba6 27.295165700912477 0.9669181213378907 0.044969877626746896
102_31389308f2b032ddf09fb258eb4b1e60 25.231034412384034 0.9309096355438232 0.11664906745404005
103_318eaf9f125d8296541e8704b64e3884 25.700839529037477 0.9418897478580475 0.051431650141254066
104_323c9dc2a8911e146f2f07de403e98d8 24.802818899154662 0.9286090090274811 0.11339222072809935
105_32e6ee437b8fa3fb5e52943dcb52313c 23.953844394683838 0.918546413898468 0.06340084988996386
106_33211aabfefa14603b05c2ad25b4380f 20.996512551307678 0.8920102477073669 0.10736359982192516
107_33395dcb83b43eee21e570d3da54bf9d 22.49050473690033 0.9252724957466125 0.08460834958404302
108_33f95e59143938ddb490a9cf145bf702 22.870741119384764 0.9348509151935578 0.04666205944679677
109_34211d29d94cbd52b7c4f0665aafbacd 25.653188667297364 0.9437615277767182 0.05411073377914727
110_346917af7c9659e3814085552234c955 25.489500093460084 0.9337881178855896 0.10044641195982694
111_3469d3ab2d353da43a3afd30f2e86bd7 28.341545362472534 0.9342315306663513 0.07699187916330993
112_3476290a1220338ffa975bcfd21f6dfb 24.694903478622436 0.944433926820755 0.05192590589821339
113_34ab29cea66952f16f48edd113a40fce 24.77144760131836 0.9353709750175476 0.05486398397013545
114_3506955660641ce61d693e0a12bd4ff3 18.782449021339417 0.8971611928939819 0.08850828086584807
115_354c1c380911fd2f4fa6b747e2cb679 22.045004734992983 0.9413338143825531 0.04932483983039856
116_355e7a7bde7d43c1ace5721ccacba16 24.292701511383058 0.9395034198760986 0.059462277572602036
117_35d473527fa9bd8cbdb24a67dc08c308 25.119464139938355 0.9457039279937745 0.05905423687025905
118_35d8d94bdd379556a37f3fc191551700 29.568753547668457 0.9662808575630188 0.03640961937792599
119_35e4f3bca48aad294361eef216dfeaa6 25.229570779800415 0.9340223619937896 0.06335988420806825
120_35f6b9780e173878a8c38723d07b122f 27.166924962997438 0.9600736668109894 0.055037062495946885
121_36190ce6fe041e452d647b1c17442c93 25.058585968017578 0.9209602386951447 0.09341348103806377
122_36a5117c64d8ca6ca10cf495b6dc4ef 17.098674259185792 0.8261576511859894 0.17190571807324886
123_36c2770d00fdd0bdf1ee968c9039cc3 27.039084463119508 0.9601044600009918 0.042339981077238915
124_36cf21268838ce6011718baa6d4afc0b 24.021776065826415 0.933868171453476 0.10841457790508867
125_37a75534a7a006ffbda733a39f84326d 23.830270204544068 0.9215875971317291 0.07047538636252285
126_37ad66d0433beb633df8f4ac45647158 24.73403971672058 0.931508863210678 0.06725119882263243
127_37c5ac3d5b34761add75f724c0ccbe00 22.425866456031798 0.9174910995960236 0.05551127984188497
128_381332377d8aff57573c99f10261e25a 25.008527183532713 0.9353483808040619 0.11462467014044524
129_383f8d508b6f25f565d21723f535417 24.777969121932983 0.9277579412460327 0.1147532108090818
130_38e30aa86d7bd4e0574fbf5e869a42b6 23.161525115966796 0.9163474950790406 0.07519292637705803
131_38f9aa4c68327bec760191d847b7480 24.131962127685547 0.9353516402244568 0.058686340872198345
132_39201299cf83ec2577763486d77d1cb 26.42593801498413 0.944372796535492 0.05353491726890206
133_39279457a4bc87285e717a211c863fc6 20.57445255756378 0.8938261594772339 0.09251137347519398
134_3980afb8f986988daf285e0d3f56d074 24.64640281677246 0.9495439219474793 0.06725969580933451
135_39cb477c0a03aa1c3ab1417a5ca1ff4 22.37415585041046 0.9013562963008881 0.08376770052686333
136_39d161909e94d99e61b9ff60b1be412 26.168224458694457 0.9589539053440094 0.07007757081650197
137_39ec376b0df877986483e7894702b192 27.010563373565674 0.9491271450519562 0.0717740784138441
138_3aa2614f69105d0f31780fdd33037c9d 25.73261273384094 0.9406470510959625 0.06134099320694804
139_3ab98667cabf774e3343f5fadc4a2136 15.4157949924469 0.8373062562942505 0.12462116300314664
140_3ac664a7486a0bdff200a72c9245aee7 23.13690170288086 0.9257413187026977 0.08328919829428195
141_3b41ffcb4bec60cc21a66e8dfcce514a 25.51641887664795 0.9452304880619049 0.04213509435392916
142_3b56b3bd4f874de23781057335c8a2e8 20.527473344802857 0.8842632544040679 0.11166575700044631
143_3bb3b6b85e4e42873680ae1a67758160 21.558385491371155 0.8993903875350953 0.07772527126222849
144_3c310afdf363201cefe5f291bc2f5fd0 18.44444778442383 0.8148594541549683 0.17073968112468718
145_3c685bf24a135262e88791d6267b8a1a 20.36935113430023 0.8816592345237731 0.09667797009274363
146_3c6d7c6ce950917b3a93df79ef2b80ef 25.35549017906189 0.9586833708286285 0.04686894603446126
147_3ca3c91dae8d2cbdf56f8ea3d9016e55 24.22290274620056 0.9511986887454986 0.050938271790742874
148_3cad25b218e0cd506436916a86a90ed7 24.409023761749268 0.9394955337047577 0.05112922410108149
149_3d0308da43d52e3ef56f8ea3d9016e55 23.302252407073976 0.9509656403064728 0.05708228697068989
150_3d2fbd9bfdfe08573a93df79ef2b80ef 25.971249380111693 0.9490732822418213 0.04827983145229518
151_3d3a1207dac28b9340d2ba94749368ce 25.410037183761595 0.9375431818962097 0.05418082448653877
152_3d85915d8726cc1845aa033a20004998 22.60021515369415 0.9282703747749329 0.0685074554681778
153_3dab4ef100f906c2bda733a39f84326d 29.582040252685548 0.9565956690311432 0.04633370440453291
154_3db034e1e5651f6e6a2345809e2bb169 27.536791296005248 0.9514243290424347 0.04903920946829021
155_3e2c3cb4f4c65b9cde9d4070fcdfa604 26.0737233543396 0.9435155427455902 0.055289222594350575
156_3ea2b72ba08a2e8097df6383472cc5b6 19.337971210479736 0.8829093699455262 0.11006397741287946
157_3eb545f745d827752e4d5bd853781216 24.08966485977173 0.9211315791606903 0.07762438482046127
158_3ec7f0347638f7a891eea2fc80d4a25f 22.962259979248046 0.9006798138618469 0.0831182280164212
159_3ef7cfbc172840b2393bf61b30c528bb 23.757021703720092 0.9228240773677826 0.07224853885173797
160_3f18c23d7628966848368c1a2f71c5f3 18.8623784160614 0.8773411183357239 0.0832344741243869
161_3ff887eaebf0bc7e9d2b99af43da16b3 24.459976968765258 0.9363309648036957 0.05992745602875948
162_405cb7dcad3d6f2f65af93d4326737fe 22.976458506584166 0.9185305855274201 0.07564387087896467
163_41a6deadd39b4c754d0f9a1ef5f184fe 26.5511501121521 0.9367575342655182 0.059171602237969634
164_420d1b7af7ceaad59ad3ae277a5ccc98 25.873296842575073 0.9442280652523041 0.08581004215963185
165_4235a8f0f7b92ebdbfea8bc24170a935 25.07319893836975 0.9371477479934692 0.06932289469987155
166_4270f4f3372a1b24546b7395fb17f97e 25.28481837272644 0.9433763589859009 0.06327485045418144
167_42e6ce03b361102ab86e0633bb69faea 27.629237518310546 0.9654079196453095 0.04790813720226288
168_42f45d024ab3309eff673973a435017f 20.433592200279236 0.8866722948551178 0.11927587864175439
169_430941674faedcff6436916a86a90ed7 26.076727800369262 0.9624642629623413 0.05052879280224443
170_43319fbb378083669d5b1db3ffcc1210 23.916603565216064 0.9392088840007782 0.05802704950235784
171_4359a0878f823f5b96e24f86f1144c52 21.35260018348694 0.8948400912284851 0.07713949055597186
172_43874d4b5154b6a0e3a6d6259addf247 17.605437116622923 0.8333710696697235 0.171912097081542
173_441d0b3f687e3721fed6082009db27d 18.337180614471436 0.8788539056777954 0.11589825744926929
174_4489a777dd90ebcce28605e174815eef 25.67278742790222 0.9398833999633789 0.036473219338804486
175_448efa9c287dac40a1523482d6af89d8 27.13898070335388 0.9530660381317139 0.04494997148029506
176_45189b11f0524a85e921d7ca67acd2a 23.828071069717407 0.9323053317070007 0.056848579589277505
177_457ef8db81db726909e2381adbddb4b 27.88823236465454 0.950319620847702 0.07331647232919931
178_45ff3c9bc849f2e33a2844e8778fdc6 21.669568152427672 0.9082720067501068 0.05885518509708345
179_460f7950d804d4564d7ac55d461d1984 22.57477276325226 0.9102705132961273 0.06811693811789155
180_468780ef4ace9a422e877e82c90c24d 27.064181756973266 0.956749981880188 0.03793230746872723
181_46adf74e07a86c55e370ad7734071a37 21.224415488243103 0.8830505199432374 0.10504153821244835
182_47716b1acaae5b8083653a771e25099b 22.96392967224121 0.9129416928291321 0.0920757793597877
183_4822076e48b366371f0d59cde6139796 27.874701223373414 0.9517102842330932 0.04816178093850613
184_48723bca810f80cf7c84d27684eb86f7 25.666218404769896 0.9429994742870331 0.05184933482483029
185_488fc8215ab4e5e02edf5935f10637d1 24.077727131843567 0.9314734678268433 0.05809358865767717
186_48debbfd63725a743978555bf44cfc9a 19.570030097961425 0.8389796223640442 0.1465767187178135
187_48f5446e6ac9c1b51f1446551412bde4 23.9000465297699 0.9411253893375396 0.05698406063951552
188_49930a07ed003273fbeda5389ab05f5f 24.225737295150758 0.932465372800827 0.06084043314680457
189_49b67421f1aecb54619e733243629008 21.956498041152955 0.9031352143287659 0.1268838824480772
190_49e8bd4cf55ea566d97f019cb91636fd 24.147585248947145 0.9334580500125885 0.06973929454758764
191_4a1b48e1b53cb6547a3295b198e908bf 18.612683153152467 0.8717779793739319 0.14450453613698483
192_4a30d2147d0e27d13ded1857c15b5b6 24.823534784317015 0.9434383480548859 0.04441174649260938
193_4a536a6a685e08ea678026e3eac5bb0a 24.11490068912506 0.9293713443279267 0.07008837506920099
194_4a5bd025a2500b3b3967c36b4916b4de 25.701615824699402 0.9349043717384339 0.11291650151461363
195_4a8aaa19c413328d2557e2b5350c7e1f 24.511039690971373 0.929831148147583 0.05178667974844575
196_4b092065568af127d64c207b9313bbaf 34.625426902771 0.988095782995224 0.04392245044279844
197_4b7b3b54dc04df53c19f1e8ed99ac2fa 26.311723794937134 0.9576808228492737 0.04935427143238485
198_4b841ea5b31090fe2bc9f17412005422 23.095803537368774 0.9109282717704773 0.07871982945874334
199_4bb89ac11d478c0a71fc473170b0a51b 27.126616706848143 0.9583426756858826 0.05052307014912367
200_4c1504f3463445dbbda733a39f84326d 24.041569175720216 0.9365767662525177 0.07000697601586581
201_4c60f32b6efdc7217dfb1ee6a4b12bf8 26.53111639022827 0.9527353963851929 0.05118902475945652
202_4d0115d72892d27531780fdd33037c9d 25.990509967803956 0.9420321023464203 0.05999109427630901
203_4d1dc1ad555807559b0a29632c8d0005 24.98899046421051 0.9219507811069488 0.09035265200957655
204_4d24f5e0f3f394c030e91498c0369393 21.485306005477906 0.9058147835731506 0.0744432639554143
205_4dbf4e0654d0c234e811106a82796d20 26.384900941848755 0.9643132207393647 0.05649816292710602
206_4e2ca20091449636599389919f6522e6 24.764660320281983 0.9287079076766968 0.08095512638613582
207_4f0147c8a158087a4c19dab9f2c7c52d 26.97788345336914 0.9406232364177703 0.05077785081602633
208_4f17af1ca7ae689d409b2c4484d833cc 26.945280895233154 0.9322802131175995 0.06910034324228763
209_4f31142fb24b4814ff1370452e3a0154 26.466740760803223 0.9347816269397735 0.08967067275568844
210_4fc276424133528cf04f0bf74eec9639 21.614631810188293 0.881946295261383 0.10447382623702288
211_4ff291758d03aab8d935b10ea652d50e 23.995481367111207 0.928333025932312 0.06039093490317464
212_504793ed2da6cf7eba3e2415e22cd45c 29.64151948928833 0.9834629635810852 0.03925679794326425
213_5057c9dbf72e0352728fa2df514c65d4 22.823712491989134 0.9094694113731384 0.07731522570736707
214_505ab718b8083f02ff1370452e3a0154 24.278850464820863 0.9243856675624847 0.05643441780284047
215_50e986077b994d6aa848f24544821b25 27.410342273712157 0.9721634118556977 0.051251529277302324
216_510df40932e79779a324deea8acbeebe 26.27265097618103 0.9431641533374786 0.05202238854020834
217_511962626501e4abf500cc506a763c18 26.036888885498048 0.941677392244339 0.05892029954493046
218_5130947e5f18e73a8321b7d65a99d2a 21.601039566993713 0.8737586951255798 0.12948350224643945
219_5135ad38043cfe64eb766e5a46fceab 26.90314920425415 0.9575656228065491 0.03730056213773787
220_515492715a04d8756a2345809e2bb169 21.122189230918885 0.9016463744640351 0.09147609355300665
221_52f2a2472411fe2e6b418c7d9fedcaa9 22.035803275108336 0.9279056510925293 0.06986127032339573
222_530234273d5e31a57c7baeeaa3dedfc 24.05835940361023 0.9319213118553161 0.06481369375623762
223_5316fab78a6732f0428df271ebc70bc0 25.322156858444213 0.932044908285141 0.04620704609155655
224_5351646fca246bc989c6f1079da7a8d4 25.96297827720642 0.9355296654701233 0.07259155498445034
225_5357fd81d212951a1c64dffb0265c4d6 25.658213081359865 0.9450264720916748 0.04811634663119912
226_54514b3e6ea7ad944361eef216dfeaa6 23.127316312789915 0.9196980612277985 0.06925781364180147
227_552233e882a65b6431f5c3d8b8dbfe3 23.822863874435424 0.9212322180271149 0.06553956737369299
228_554bfeff3c44a3d6425b2c354eccabaf 23.671558837890625 0.9337285733222962 0.050553985086269675
229_555303045808ca7530e7b962d97a840e 27.514172744750976 0.9533338739871978 0.04467647927626967
230_55e0897c0ac089a6da5cb3be8feeaadc 23.467927665710448 0.9280877959728241 0.06454787100106478
231_5621ebf65ffd38468772afa45900d07f 27.37069543838501 0.9463846590518952 0.034882350716739896
232_56332360ecedaf4fb095dfb45b5ad0ce 28.709984521865845 0.9665104832649231 0.04344783414341509
233_5686e48a700bf4c989439bf55b857b9 18.560448198318483 0.840410692691803 0.15298211319744587
234_56b6c950f4c5de80ce27281f3b76d1f5 25.03256372451782 0.9307010822296142 0.0666938046514988
235_56d5921f58898cbc56e8a11c9bc9a7f 25.624215240478517 0.944676296710968 0.059629894016310574
236_56e0fef0632aed0f1d27be7764701cfe 24.739826602935793 0.9432049918174744 0.061753022771328686
237_5768ae99da7499feadca4990256df2c6 22.42293894767761 0.9243818473815918 0.07147644323669373
238_5785192c95cdd67b704715417c0f83c1 26.965950975418092 0.9448641548156739 0.06648053453490138
239_57f592c3ec49318661c6c61410fc904b 23.181352920532227 0.9072607696056366 0.08597303494066
240_588c2d2567fd900aefe5f291bc2f5fd0 21.41291903972626 0.8843071103096009 0.09165733890607954
241_58dfa36440ada6cf2a9eb0f146e94477 25.8870086479187 0.9452147581577302 0.06390510621853172
242_598f0aea814b1d0f8db98a39370e7faf 19.985376539230348 0.8795440909862519 0.10950254958495498
243_59e01fab310fa8c49c9f1f5abaab90a7 23.52244206428528 0.9389383771419525 0.05457875518687069
244_5a9a67bb92fbfca3b1bb46d2556ba67d 25.320392541885376 0.953299372434616 0.04813483298383653
245_5ad845ccc1a5795ecc19d582c2bc11b6 21.619503955841065 0.8871926512718201 0.10071016501635313
246_5b7985f5dd37dec2c2509a0026f2a07d 28.48920123100281 0.9466846435070038 0.05951612223684788
247_5bab0881b7a18b12733269057ed164db 25.972763748168944 0.9431557941436768 0.054551918959245084
248_5bb0076c269d5cb1ad19b94b8069bb8b 22.776633372306822 0.9025523416996002 0.12611736965179443
249_5be0fa6b0bb7a281a170b3adf3b6f220 22.962955675125123 0.9050601768493652 0.10408300023898483
250_5c542cd5371a631d6436916a86a90ed7 19.095058250427247 0.8701302778720855 0.09560102177411318
251_5c997a7c241190937cbd61b2affd051d 25.69949049949646 0.931882597208023 0.06850915634445846
252_5d353140bc7569a48772afa45900d07f 22.746252679824828 0.9214471116065979 0.05983985880762339
253_5d6160c6e87be84631d01cb0ca6cb2e2 24.40853889465332 0.9268345720767975 0.08034743537381292
254_5d756a52f6f361abf500cc506a763c18 25.7751330947876 0.9419611041545868 0.059374875351786614
255_5dbed4f17ebc271a3aac79fb478fb6b 24.623065719604494 0.9422674837112427 0.06195401569269598
256_5e014eb2bd03daab9fbe97de4a41d527 24.018917570114137 0.930877563238144 0.06582209954969585
257_5ec7fa8170eee943713e820becfd99b 27.5424871635437 0.9509945695400238 0.051141529219225046
258_5f2ae8bd2d571e7c6436916a86a90ed7 25.079794731140137 0.946530743598938 0.044110662208870055
259_600ab6a1f116a5ac994a3466f8481f8a 23.036070699691773 0.9193053569793701 0.0690145671479404
260_6026684ab31d567328044fe9244db50a 23.061222276687623 0.9091923408508301 0.09539696297794581
261_604d915e7bf91cbca22cf2b42142a7ea 22.79518907546997 0.9134172201156616 0.1177709806188941
262_6058ad4a6ec4eba46436916a86a90ed7 21.140798473358153 0.9215891218185425 0.07554875020682812
263_60963ce07aa742382a9eb0f146e94477 25.932724170684814 0.9435156061649322 0.051597231319174174
264_60d8d7776789b4b1fe11eeaa72c8aa36 25.762085704803468 0.9472777652740478 0.055046848896890876
265_61348ed95aac6b3799cbdd78ced2546 24.578956489562987 0.9143451073169708 0.08359827785938978
266_613bf2e7f987553220d9307ef0bda318 23.292112379074098 0.9062292940616608 0.07457514905929566
267_6165a435160e69bef997a8fb55b67177 25.55692403793335 0.9357790825366974 0.06395959796011448
268_61b40cc1d7e054cfaeea7738551d104 24.708905572891236 0.9051754615306854 0.07557916124165058
269_6246696b7db8ab34eeae8bcbf655eede 19.927091608047487 0.8627491707801819 0.14389268297702074
270_625861912ac0d62651a95aaa6caba1d3 24.674987139701845 0.8932851974964142 0.09479755141958594
271_6333b9c777384ad14362be10a3fc8255 26.070191593170165 0.9412658414840698 0.05835337096825242
272_63a4e46bbbd855fc2b63d3b2a8c4e8b 23.042180938720705 0.9401626935005188 0.07096118184924126
273_6471b4eccdbba210ba9a2870774c1424 24.840955820083618 0.9349469163417816 0.05063704520277679
274_648ceaad362345518a6cf8c6b92417f2 28.072395582199096 0.9703942983150482 0.05033521625213325
275_650238554cb16926bda733a39f84326d 22.748014283180236 0.9358186304569245 0.06389638850465416
276_65c225fae513a6dbe7b23463fd9b0ba1 27.09314764022827 0.9533917241096497 0.04556603369675577
277_65ccd33df41999496d6573f48a06281 25.606545705795288 0.9519543573856354 0.04806217376887798
278_65d6433043c40046b82c0841410a924f 18.094022994041442 0.863716361284256 0.15254826698824764
279_65e3e2893669a09cc7b48e36e31209b9 26.367159061431884 0.9433562135696412 0.05342048475705087
280_667f7509425dbc60c43644e93a8d03ff 21.802193884849547 0.9094232711791992 0.07371862194314599
281_67aebe9ff1f103e18d1e606155667e23 25.960088720321654 0.950376413345337 0.03932052128203213
282_67c229c70e64a25e69c2e0a91b39f742 17.683345999717712 0.886671797990799 0.10487153946980834
283_68f06cde1b907c44e9e6d625d754e501 26.159152812957764 0.9665947661399842 0.04578214559517801
284_695bc26f67e001e65bcdedfa3370f5e1 23.79203872680664 0.9325025179386139 0.07627341688796878
285_6976cc9f5982474e9aae70753d127b0b 16.829484553337096 0.8322065086364746 0.16383749099820852
286_69aaf42f0b8d0e2da37127a27e431e39 23.73787603378296 0.9249869258403778 0.07411819975823164
287_6a737d71a4c4d81958943aeb17f0d326 19.82598671913147 0.896661639213562 0.0883448517844081
288_6a81b52d03080172ea7256175786076 24.178368949890135 0.9322423768043518 0.0778023297060281
289_6af177bc78ee06a0e8acba6ad3725ca8 22.0097599029541 0.9164666140079498 0.06464053088985383
290_6b44be4025c966d4672601793664460d 23.23888545036316 0.9198912286758423 0.06633516892790794
291_6b642c1c62ae5b49247a5be450795511 21.972894592285158 0.8967360005378723 0.1012212994247675
292_6bbcd5608ddf871a4cdd04162f008888 26.289975538253785 0.9412568862438202 0.0483933070730418
293_6bf75ddeac192594bda733a39f84326d 23.715746870040892 0.9319016003608703 0.0680041930899024
294_6c339c89246fe6a651db49e653372c20 21.37985013961792 0.9109986772537232 0.08810956656560302
295_6c449b92891754c6b8b6b17d4ce17d67 22.699638586044312 0.9284627380371093 0.08431501519493759
296_6ca9967adcf862a461c6c61410fc904b 22.719477076530456 0.9163245878219605 0.10583655044808984
297_6d493677c8dfb9d8321338b7ef756ea5 23.272488832473755 0.9326648139953613 0.07802681425958871
298_6d714f7b7170a581da8e502a3c6cb4fb 24.456109800338744 0.9313917021751403 0.0556620802488178
299_6d8da7ec9ead6677701c1f58e22b85e8 20.69064868927002 0.8786407380104065 0.11173906675353647
300_6dbae14e481e8fb9333e0bf0b765fa12 26.728760929107665 0.9463564987182618 0.053745051622390745
301_6ddb807414fa23e0d9f8911ce020a037 22.388715534210206 0.9220296046733856 0.06212726192548871
302_6ed2957beeb7940a9fbaa69916aaebda 25.87362685203552 0.9473699309825897 0.054692342603579164
303_6f3887b3b8253284de541e973ae662b5 22.24803723335266 0.9253758182525634 0.07630383948422968
304_6f7ba033fc5c0784468bac13e007a6e9 23.232551498413088 0.908099425315857 0.08601110920682549
305_7015c7c8ee74f69313ded1857c15b5b6 23.70985580444336 0.932501407623291 0.06308087404072285
306_7046566750f129126aa0f1550c0a545d 25.660793104171752 0.9566838006973266 0.057133488023653624
307_704e60e6e5be85e1f500cc506a763c18 22.6568141078949 0.9266073131561279 0.06788689073547721
308_705840df46a582e2ac826a3c82da491 24.50969690322876 0.9428753926753998 0.07155833904445172
309_707d1e19b465d075adbfb30d8d1b297e 23.231576623916627 0.9087991600036621 0.07802144416607916
310_718c595ae03a78208b58723318e7adc2 22.341932044029235 0.9076013524532318 0.09781343666091562
311_71a1122469df0bb8cc8ad0deed05da5c 22.217528834342957 0.8958960125446319 0.13928225576505066
312_71b00ea32b1810ac373af83f3f2fe606 24.68082257270813 0.9203583526611329 0.07386142635345459
313_7203130a35ab20a4b1bb46d2556ba67d 24.759283514022826 0.92495614528656 0.06717058409936726
314_72d4deb3b797c03dd4f6529a209c5dc0 24.534173364639283 0.9146724593639374 0.0972321852631867
315_73140624a636925ada37be44e2d84539 26.41241717338562 0.9490856289863586 0.057924583747982976
316_73df85f3bb763fcf148474f05635eadd 19.568317384719847 0.8626684966087341 0.10782136680558324
317_7448f1cba230298fcd61ab83ca5e9957 20.434814887046812 0.845568044424057 0.15302997482568026
318_747c49bca6d4ae9d7c84d27684eb86f7 25.490164985656737 0.9476363272666931 0.05572255050204694
319_7486c73293cb8af3175a3b42530b4c51 22.497135314941406 0.8960983366966248 0.07182347299158573
320_74b73c2cca45cf483c1d9add3a87bd2d 24.594741306304932 0.9348979978561401 0.043704522298648955
321_74f7b559d6af926012f2e446484bbaf7 24.445415678024293 0.94045920419693 0.059436472153291106
322_751a2e8afd998768fb8f6150ea0ae369 23.229216289520263 0.9077920961380005 0.10610864353179932
323_7521398f7ab70a073c1d9add3a87bd2d 23.624668922424316 0.9259752278327942 0.05368026980571449
324_7582e942f3e60a7c1477c1a2d9ef8312 26.311694707870483 0.9589070303440094 0.051644032591953874
325_76680f2bc0d53c6e3112e33afb0a091c 19.46402593612671 0.8559227197170257 0.12943175461143255
326_768ea3241699f663f1cb19f636b1c2bd 24.620530729293822 0.9358196732997894 0.04559353025443852
327_7751f6695ce5013bbda733a39f84326d 24.755385942459107 0.9217044360637665 0.06537578124925494
328_77d9a23f45c888e595551e0d9e50cb0d 22.44428496837616 0.897083420753479 0.09910251013562084
329_783f141774ea26e259d587c4b86a22ea 26.569794969558714 0.9412876729965209 0.0511079317163676
330_78555893ae97d1fea37127a27e431e39 24.516529331207277 0.9271483588218689 0.07780056838877498
331_787a38da42c2026ec29f776eec462c6d 18.814896664619447 0.8230220255851746 0.16173547565191984
332_787ba4e958f1bbe88ec77d0d80815cf8 25.704339962005616 0.9427298622131348 0.03778836460690945
333_78c0bec338fa1c01d6b98bf27ff43caf 22.37136594772339 0.924625678062439 0.06812832606956362
334_7a5eba46ba4cfac35aa429db266f0c30 27.122181673049926 0.9452602770328522 0.04919581159763038
335_7a756a1c54cd3a5a1b3611fc576bceff 17.797587718963623 0.8648328714370728 0.13575690297037363
336_7b067be3aa39b1a124853ec273f6c1d2 21.522584524154663 0.9019567296504974 0.09866091717034578
337_7b0ed2e4d59ad5261d5011bbe723eeee 24.447841396331786 0.941171213388443 0.059694871440529824
338_7b2ad420c7829e881cae32f43c09c982 20.177574586868285 0.8927802817821503 0.0728011185862124
339_7bf6249a031b5095ddd41159baaa3ad5 29.18082229614258 0.9624773545265197 0.039172537652775646
340_7c44aa72f314ee8e634b31c394824611 20.38274175167084 0.9040233078002929 0.09677787499129772
341_7c4aa4b3f916d26c9cdc71dce6a3b485 20.200574746131895 0.8798467848300934 0.1124875847287476
342_7c5e0fd7e8c62d047eed1e11d741a3f1 24.34635603904724 0.9242394549846649 0.11763396263495088
343_7f198a2357dec222f98feeb6b46f3cac 21.923262481689452 0.9100410919189453 0.07841456406377256
344_7f42d57ca7041f2df43d27ed950b5659 23.510081872940063 0.9176292657852173 0.08500485990196466
345_7fd2f1d8342aa0acf3aaed7e86215c7b 20.676660890579225 0.8686942033767701 0.1357489969432354
346_8053e014516531ddc3f500d7b182f6 26.301404552459715 0.9304492080211639 0.06943973279371858
347_80ac9cc0d4c9dde3b7a7bc444c2d756b 26.14624117851257 0.9471387674808502 0.0517227226998657
348_8141677722f680076a2345809e2bb169 23.449064350128175 0.9430101759433747 0.05468533350899816
349_81655a19f4ce2daa8fd988235de2147e 21.40027172088623 0.9024419944286346 0.06773281885497272
350_817bb8c69e4ac23ec81ddeca50aa3117 24.252984762191772 0.9346114242076874 0.05560602026060223
351_81c52d54f9719736ce27281f3b76d1f5 29.30834294319153 0.9605186767578126 0.05190698682889342
352_81fad64b8fd8f010b17445a1c29f6d34 26.58291311264038 0.9395908057689667 0.05860991796851158
353_8212b62591234c743a0daf3e5400b95c 24.02559651374817 0.9405001363754273 0.046406941536813975
354_8242b114695b68286f522b2bb8ded829 24.12308699607849 0.9333631379604339 0.0685781926587224
355_8269284992bbd0c886dad8a79e570561 22.338303756713866 0.9090478949546814 0.07601540407538414
356_82720b201a7731e3b376886260eb15c1 24.484979877471925 0.936244568824768 0.0640082972664386
357_82a783a1ea4e34b8d7755e7baabe8a6f 23.554884338378905 0.9257869257926941 0.058228355534374714
358_82c6851526bf7350b5554d042286b030 23.038110494613647 0.9310194272994995 0.061087991502135994
359_8320c70894c3cdfdff1370452e3a0154 26.570174894332887 0.9410480754375458 0.06816021203622222
360_83e537cd6bb435e91d1a964dea8a7aab 22.93188630104065 0.9035493166446685 0.08632627379521728
361_83fb99fe62dab5308b55a52bfd1cce7a 20.33391181945801 0.8694767649173737 0.1385334880128503
362_84498085850b19d11673e1c313348a01 23.651974534988405 0.9236076288223266 0.07765615210309625
363_844a5b7af9b67510b1bb46d2556ba67d 19.47539746761322 0.8925585968494415 0.09541106048226357
364_8478439998e4af846602d94d941a9c9 24.460924606323243 0.9209539093971253 0.0917023710757494
365_8545a6862135379c813e8e6859b9f2f6 21.832823705673217 0.9137767872810364 0.07708498008176684
366_8590a6c8270375e34b5a812ecf553410 20.978724088668823 0.9269754054546356 0.14085574398934841
367_85e54cec1c6808009bc0c5b67eaafbc 22.57318507671356 0.927910756111145 0.057853775722905995
368_85f3dc3318f5200c8672c9b355cd2075 24.967465934753417 0.9382985544204712 0.06531857033446431
369_863f9284eec4a256e9d8921ebe6d5b8e 20.099532232284545 0.8624233994483947 0.16054810001701117
370_86b488c74b27d70ace27281f3b76d1f5 23.27619023799896 0.9244152541160584 0.08515635169669986
371_86c8a3137a716d70e742b0b5e87bec54 27.615555696487426 0.9534015321731567 0.03398372676409781
372_86d9b82220d7ba342e56818be5fde856 18.290257320404052 0.8721684920787811 0.17865215685218572
373_86f1cbcda59640594dde7b6e74a2cede 26.07083077430725 0.9454086878299713 0.05531244334951043
374_86fa16c6da908e6b44221994b043fd86 19.61623848438263 0.8758492603302002 0.10227129158377647
375_876d92ce6a0e4bf399588eee976baae 70.71546804428101 0.9999233255386353 0.0029458985107485205
376_88ad6f5df57cf8ea16abce8cb03e7794 18.594919266700746 0.8657744419574738 0.13873783719912172
377_88fc7d197310ea4b961b666ad9ed1438 22.953401851654053 0.9360301258563996 0.05026083120703697
378_88fda6df0a162605e52943dcb52313c 23.65653250694275 0.9202920429706574 0.0749759562574327
379_891b06955bdd04a7909e2381adbddb4b 25.737925095558168 0.9307744033336639 0.07744471354037523
380_8922c6c3435f16fee694960c91796f38 24.86227222442627 0.9658528137207031 0.08947484802082181
381_89765af115d9a4955591fcdffe729c55 22.529300241470338 0.9154512195587158 0.08305692509002983
382_89edb3d434f4c983afe1d4530f4c6e24 20.525245780944825 0.8983996603488922 0.08151045212335885
383_8aacf6e90bfa4610becf71e2e014ff6f 22.23072909832001 0.9008708786964417 0.09794150593876838
384_8b4879617bd256391738f25e3015f92e 21.83705512046814 0.9008915569782258 0.08480317743122577
385_8bbbfdbec9251733ace5721ccacba16 25.447643537521362 0.9496673650741577 0.05273325107805431
386_8bd6b3e216ac44d2d1e34356c50bf8 23.880945796966554 0.9364885261058807 0.06152778714336455
387_8c0fd2f204d6008da1b543d55837199 27.542248058319093 0.9467465567588806 0.05089937796257436
388_8c2430564a8e3a2354277bd8a941f068 18.069962134361266 0.8451602196693421 0.1488234668597579
389_8d1ef0a2c958b23f22aa128014a842c4 20.833857741355896 0.8872256803512574 0.11099998707696795
390_8d78c8489dc927dcb07f27f3519a9cd4 20.99171673297882 0.8761357414722443 0.10444307290390134
391_8dcccd3d9221f9a0d61b6a34f3fd808c 23.547817640304565 0.9333367266654968 0.0680171562358737
392_8decf42b145f98d148d2ba4615e03b21 19.353997550010682 0.8423005795478821 0.16297902079671622
393_8e05e4f955eaf140ff673973a435017f 22.744459495544433 0.9101027472019195 0.10308495638519526
394_8e308d28d463427f43f0e92e826556b8 22.59396803855896 0.9225372037887574 0.07022285901196301
395_8f715205d2e70c1ebda733a39f84326d 23.727427930831908 0.9311989324092865 0.06921064229309559
396_8fc3cde1054cc1aaceb4167db4d0e4de 26.26997549057007 0.9478081755638122 0.06318198442645372
397_900c32b154c0dced994a3466f8481f8a 22.821593914031983 0.9058506531715393 0.07810943568497897
398_90917495a9603208c368040825ed335 25.533000936508177 0.9308157639503479 0.05891561817377806
399_90a59a473e9d110ae13bf7a39e9b5432 25.844378499984742 0.933940223455429 0.05425671093165874
400_90ba6416acd424e06d8db5f653b07b4b 25.264779024124145 0.9368110179901123 0.0641225667744875
401_91440448603dffb62c8b6ee41d7d5d62 25.893467082977295 0.931385705947876 0.0641704735700041
402_91c12a0bdf98f5d220f29d4da2b76f7a 24.921148958206178 0.9308303668498993 0.05513489302806556
403_928a5f0e95e7aae5780bcccc86c008c3 22.956511163711546 0.9382313494682312 0.05865036287158728
404_92a718b74a2e5e84fd2d6c7ed5a8dbd 27.226489028930665 0.9561707022190093 0.04776743550784886
405_92c882d35dfca864acee48fc4abca0f4 27.016456689834595 0.9329946942329407 0.06945253205299377
406_92f697d036addb55ed576c2966428f 27.172115688323974 0.9566187181472778 0.05573182353749871
407_936702a0367e95185b03bc28c642bc 19.83195285320282 0.8953108689785003 0.08386992473900318
408_93bb1cd910f054818c2e7159929c406f 19.64392107963562 0.8532456848621368 0.1491779996678233
409_943be90f18274083becf71e2e014ff6f 26.152873611450197 0.955554183959961 0.0397849934976548
410_9446a1c34cc06eb518b1741f84b73b 22.521715545654295 0.912099526643753 0.09408806575089693
411_94cfcfb74e246f938acb0ff76f4aec7d 26.520873584747314 0.9502640087604523 0.04694180270843208
412_9609eee1c5f60dcd610425baad975046 22.297482314109804 0.8851989288330078 0.10469426253810525
413_965000959c53a8612fdbcd3e1b829315 22.38491961479187 0.9087144808769226 0.06645900957286358
414_9698be0fd3516f01fbeda5389ab05f5f 26.481647787094115 0.9525837364196778 0.05624180929362774
415_9702eb7f07f013532764cfba57a5de73 22.859384570121765 0.8965715570449829 0.09634699063003063
416_970ebe02365dd05bfd7e1079f2e4956b 24.092853956222534 0.9333924741744996 0.06855563014931977
417_974c3d82f8726f086b418c7d9fedcaa9 23.391681790351868 0.935876850605011 0.07253053470328451
418_97831a753d80d66dfd24692312e9de8c 27.373489055633545 0.9522370016574859 0.044315936606377365
419_97bcc7a1f73bfba93e5399147a5b4763 22.367245378494264 0.9266722786426544 0.08232874582707882
420_9803af6123238620247a5be450795511 17.470875034332277 0.8377379198074341 0.13772285317629576
421_988108a7536d686824065b218dc1b5b9 19.83742958545685 0.8593972828388214 0.13907766802608967
422_99311deac352b9a5873751b4c304dae7 22.046644291877747 0.8916879298686982 0.13554370620846748
423_9948d84501b8ab721e7b5f06a32cfcd1 24.778310499191285 0.9248617241382598 0.07377827836200596
424_998f600899c76e4583653a771e25099b 23.562345004081727 0.9174603717327118 0.07353832272440194
425_99cc91ea3f0b646be79303516c6edeef 19.76964885234833 0.8730440194606781 0.09343523431196808
426_9a152b11907b11074549b3c52ae0632e 28.096244134902953 0.9444962961673736 0.05663426313176751
427_9a22505d1e6221533c35e65001c8c258 25.484116973876954 0.9360398681163787 0.05675354878976941
428_9aec89a595e4682fbc5845a373118df7 23.139927101135253 0.9155644354820252 0.06314631202816963
429_9c10e71c06558c3b1bb46d2556ba67d 23.866246223449707 0.9487332179546356 0.06172061733156443
430_9c35f00f81110738783854950b26f0d3 19.486698350906373 0.864520194530487 0.14144019189476967
431_9c4a3879c71df693af0f25977186b501 24.301153621673585 0.9419772186279297 0.06988540473766625
432_9c827e532de4967285089a13cc567dbd 22.94770797729492 0.9100160624980926 0.09199981490150094
433_9e0eb55ae7af7f8a61fbb658aa965606 23.27583251953125 0.9211718168258667 0.05475416758283973
434_9e4380de95fea34a11718baa6d4afc0b 25.31319793701172 0.9373230712413788 0.06931861869990825
435_9e5faa247753ad479289f0a3d35e8de4 18.086835618019105 0.8628101654052734 0.08100729996338486
436_9eaafc3581357b05d52b599fafc842f 23.093037300109863 0.9351801722049713 0.06472073652967811
437_9f3c463272d13d39eb7780cdb3ece367 23.08809390068054 0.9273355896472931 0.11995403126254678
438_9f4bbcf9f51fe1e42957c02bdefc95c8 26.212349319458006 0.949260627746582 0.04120821715518832
439_9f69ac0aaab969682a9eb0f146e94477 26.264588317871095 0.9364434099197387 0.06226799082010984
440_9fbcae2f132db088b09b4c3b88665c4c 21.59798399925232 0.9071680145263672 0.05661084511503577
441_a0a1b0377d72e86bab3dd76bf33b0f5e 26.7799515914917 0.9519052312374116 0.04136960925720632
442_a13fa4cf0dfdd5b58f7f0d2c9c57704b 27.471645059585573 0.9593555328845977 0.042802054533734916
443_a166f97f10557feae7a7d875eac9a93 26.189059724807738 0.9453045747280121 0.05068033199571073
444_a17d5aa16a529a88cbc76a30015552a 21.899224004745484 0.9134498689174652 0.08297156551480293
445_a1c337c71f246f0b1d1a964dea8a7aab 22.143264684677124 0.8985489625930786 0.09383448375761509
446_a242c0446b186585852e57cec5098e60 20.332854347229002 0.86819850897789 0.13973177877068518
447_a295d3ca78e2fa9a6a2345809e2bb169 23.162640409469603 0.921080854177475 0.08012825486063957
448_a2a795ad86d1fa12f3aaed7e86215c7b 21.89688778400421 0.8934833016395569 0.10258876670897007
449_a2fa9237519db867f606d4ef0b8dbe5b 24.452007083892823 0.9383978686332702 0.06918546376377344
450_a358931939481311bda733a39f84326d 23.13425393104553 0.9356329839229584 0.07152509192377329
451_a421aeec78440e40d3a3ff116860ca63 26.734383182525633 0.9610092635154724 0.04189697934500873
452_a471cdae8ec5df5c9e317a6cc797b629 26.228080339431763 0.9336769022941589 0.061410898249596356
453_a49107f738b26379428df271ebc70bc0 23.00877582550049 0.9217094130516053 0.07821051098406315
454_a49df2707037f82a94ce9d7b04676231 16.852146215438843 0.842004379272461 0.1386066234447062
455_a4b793df04e3bdb11fed6082009db27d 20.600347423553465 0.9044532268047333 0.09776157025434076
456_a50a46d3423e7dcad1eb2a2149d13665 24.47510118961334 0.9272246873378753 0.06529711565934121
457_a57e65f0c8f21ebc31780fdd33037c9d 23.101647939682007 0.9257222797870636 0.07562380890361965
458_a5a6c94b8a93c11b679506fe2f937c34 23.427573680877686 0.9189679403305053 0.08335350305959582
459_a5dc2526c9ef78b96212c8f6cd06e 29.00873330116272 0.9399713413715363 0.06780182341113687
460_a5dcd1196a1ffa9739f20966eb25504f 22.530848484039307 0.9108323261737824 0.0718272465057671
461_a6d494af391a97686436916a86a90ed7 25.558072090148926 0.9495352444648743 0.05201790622621775
462_a72134cd499fd1c4f79e091fa09130a 25.405734701156618 0.9357189505100251 0.11125245919451117
463_a75ff576da012340468bac13e007a6e9 15.705671606063843 0.7877141034603119 0.1761663367897272
464_a78990822fd4836a12615f8be9c552d 22.360192461013796 0.9069784517288209 0.09614117430895566
465_a81d28a70bb06e18bda733a39f84326d 26.78161710739136 0.935946433544159 0.055223306193947795
466_a836fc66c01eccca58c27e607f6e2d4c 25.920899963378908 0.9379767956733703 0.06385493776388466
467_a8d3020b33543bdce64131b695068ec5 21.319906425476074 0.9204209036827088 0.06432179933786392
468_a8f2c3adc0671c15c64e95fc6a597455 24.324595317840576 0.9201186916828156 0.0793948481939733
469_a990f6d75c669f4351a95aaa6caba1d3 28.522972745895387 0.9579925117492676 0.04843124640546739
470_aa78d4465ae18312711f9e3a79a13dcf 20.669645581245423 0.9005790627002717 0.11559398903697729
471_aa7f127bb8cd9db73755eb267a6f3b6b 23.108553099632264 0.9345662796497345 0.08429960411414504
472_aa9f41bc3925ffc4be9358e8c18dc481 19.57750681877136 0.8791367840766907 0.13246896044909953
473_ab7eaf660f1bf4db23fa56f2e03fa992 24.937261905670166 0.9225384078025818 0.07663923945650458
474_abb2cf2ed0d8679e9cace18601e5d3b5 20.054031739234926 0.865520007610321 0.1453296249359846
475_abc42e7c5ffaa41d1466737d5c4b4246 20.11370364665985 0.885576797246933 0.10770182608440518
476_ac488b046b024bdc3aa029ace5323fc1 22.800895204544066 0.9136174464225769 0.09054657297953964
477_acdb7b476fc5a1ca96f65931c8819eb 24.158209748268128 0.9288597087860108 0.06422177932783961
478_acf64e44b021fd4613b86a9df4269733 28.47137201309204 0.9602847130298614 0.05011234635859728
479_ad1d30f2294f40dc622ac2f50deaba1f 29.939331188201905 0.9615920243263245 0.048215084301307796
480_adc6f0f3274cf92cd4f6529a209c5dc0 23.6866046333313 0.9110673985481262 0.10584996858239173
481_add26d8f4f91ba04c84b95bddf75b22d 26.88118474960327 0.9481242656707763 0.044412172708660366
482_ae0058d9ae9bd33d51a95aaa6caba1d3 27.994609699249267 0.9482035477161408 0.058149766877293584
483_aeac711326961038939aeffada2c0c5 24.76889307975769 0.9247899186611176 0.10763944667950273
484_af2f10112f943f54c730b513773cf286 29.018695211410524 0.9482674336433411 0.04948689882364124
485_af94283a61eafc7183a0f773f3852fbf 23.99796081542969 0.924832690000534 0.053691291024908425
486_afa0436d9cb1b19ec8c241cb24f7e0ac 21.918372688293456 0.9209155879020691 0.06977848105318844
487_afb36ab0a7bb906bd95840a0da458be0 23.5408345079422 0.9396765069961548 0.05555700078420341
488_afeb58fbf8c45924cdf21e49b4ebfe68 26.069517269134522 0.9437435655593872 0.05367889066785574
489_b09376c77d8fe18eeaa60d48e24f18e0 22.702622880935667 0.9239111664295196 0.0583697287067771
490_b09f4d5af99be6c5f5f45e906b41d1f0 22.73206742286682 0.9180741696357727 0.08123166393861174
491_b0a7789537663f7ba1ff2929b2f5cf19 25.195138397216798 0.9304446475505829 0.0729339637774974
492_b0c2225ab347e28f1a48cf85d161a723 23.37637315273285 0.9299624586105346 0.0569340513125062
493_b17929063c2b3d9a52aa494042b7c9db 25.4101007270813 0.9349237728118897 0.07729845463298261
494_b1f75a8e8b9e921a8a6cf8c6b92417f2 23.754660987854002 0.9170727016925811 0.059535387374460694
495_b28d1b3e81f407571c02ebb3dd0baeb1 27.83037968635559 0.9515032997131347 0.048428548093885186
496_b3aea199d8f8945d3c8089ca2f2a9299 18.987190780639647 0.8453315024375916 0.12471933248639107
497_b3f1ad55fa401c35e8c505ac322336cc 25.023883562088013 0.9498677020072936 0.04528646322526038
498_b4110c921adb2c40bda733a39f84326d 21.199988865852355 0.8923672986030579 0.10090463296324015
499_b4250be25fbd19a994abc9429888948c 24.970132102966307 0.9279514112472534 0.0667710096463561
500_b44b09bdef8fa2209473806fbdf65cb6 25.26840920448303 0.9334076945781707 0.08819519427977503
501_b50f9931670e25ef44ccce632b473b8c 25.033154201507568 0.9265618801116944 0.1282370665371418
502_b55112c3c09949846a0cf750aa55c4f3 19.291680245399476 0.872267736196518 0.13388060513138772
503_b5a25bcf42cdfb15523270fc16562838 24.753156204223632 0.9337671766281128 0.06882882369682193
504_b5b6b09711cbee6daa44bfa127abe4bb 23.762563819885255 0.9128566329479217 0.08397944235615432
505_b61b7103e8d8af91fe21694bd5f519d1 24.161170320510863 0.9132468459606171 0.07875041754357517
506_b6749c2b917d4aad949b12cf3977a48b 25.473162670135498 0.9422171368598938 0.055632898518815636
507_b67af8c92198eab432e9b7d6df5ccd43 23.73019869804382 0.9307772119045258 0.06786741921678185
508_b70d970f8020c25dd141480e2c154d3 22.03859625816345 0.9208024778366088 0.07155862766876817
509_b782800ed15ae74c6227cba038bf7c95 22.495182938575745 0.9196463732719421 0.09051782471686602
510_b809864c779761ab7ac2a2313c9e8844 27.97990023612976 0.9567001912593841 0.04294808274134994
511_ba0ac1d1e25d3fad63f2c3a55558a78f 24.562911319732667 0.9310116829872132 0.060692919205874205
512_bae4b861b5cf87275b182da8c76b7238 23.801264119148254 0.9346737930774689 0.05744219499453902
513_bafacc7f28509d4157abc6fa0d632bc7 24.005343408584594 0.9200434362888337 0.06793892831355333
514_bb9109ffb1789e98e55e3289e5df0916 19.638835654258727 0.8748490085601807 0.11490456602349877
515_bbc4f08aacdff9c7a8ed0bb390c8ebb7 23.941080808639526 0.9269673719406127 0.0622512367349118
516_bbf84d45735af3314dde7b6e74a2cede 25.237924890518187 0.9333036825656891 0.05826704963296652
517_bc86f6cdcac3e6a5afe1d4530f4c6e24 24.85384178161621 0.9519733562469482 0.07321883572824299
518_bcc3625a31bea6cd6a2345809e2bb169 24.959926443099974 0.9260813460350037 0.06090911435522139
519_bd188c1db4c52a2ac35f22936e5aea5c 19.052176156044005 0.8304776282310485 0.15393323568999767
520_bd8654fbca233e41ddb8f37b1865d989 22.840263299942016 0.9134039425849915 0.11943225992098451
521_bf37249fc8e16fd8f9a88cc63b910f3 26.487286539077758 0.9405248188972473 0.053732680575922134
522_c00ec8e0880f507ba2e48b029cec5d4b 20.997062554359434 0.8449147496223449 0.14467088720947505
523_c08d4483e70f02e5322b377b3e7c8ad8 19.715390501022338 0.8724947569370269 0.13462967938929796
524_c0db588c8c816cd2dc668d3d64c871ae 22.633879327774046 0.897549485206604 0.1624335733950138
525_c1186d49101dcd513a0daf3e5400b95c 22.59233322620392 0.9262860765457154 0.0613901547845453
526_c1192c946a99ee529bdb511fb702b5ae 21.24343168258667 0.9067340276241302 0.0701268785893917
527_c1aef2e67a9608511c4ba4758a592406 21.788974146842957 0.9061805381774902 0.07751631082966924
528_c20ff7778ca2b8ca86ac29addefc0f11 26.335021362304687 0.9592758922576904 0.04361500443704426
529_c35ebd98decdebb9db7706d93442f2a7 26.95593913078308 0.9491667280197144 0.053927754813805226
530_c3858a8b73dcb137e3bdba9430565083 25.824755725860594 0.9407929234504699 0.05566295258514583
531_c3a1e04f49e80d22a10cf495b6dc4ef 19.105465488433836 0.838852475643158 0.13879788278788327
532_c487e9850891e1ec2d15396b7bcc6366 20.40611184120178 0.8817020907402039 0.10622005420923233
533_c48a804986a819b4bda733a39f84326d 24.88310194015503 0.9448823223114013 0.05849829517304897
534_c4c21e09e91292b03f82402961906323 23.212960743904112 0.9227527568340301 0.0704071121904999
535_c57c11cbcb97f74058c27e607f6e2d4c 23.435040874481203 0.9148737995624542 0.07951474268734456
536_c59c26c90a724e84ce27281f3b76d1f5 25.10328498840332 0.933644721031189 0.06722405731864274
537_c6038e4cf08de1a7c805dfe4ca9f2fdb 25.053652973175048 0.9424847433567047 0.06702247730270028
538_c6441f127d51e478f0fb72d24c42a39 22.787264251708983 0.9350969038009643 0.06974914663657546
539_c6762641f741acc2a19bced881c9e641 26.774211282730104 0.934512686252594 0.06865995188057422
540_c6978e2a0ef9f0df866f1a483075a782 26.689694118499755 0.9412506952285766 0.06494993552006781
541_c6a7b37a33b5eef728af9bd424dcd6fa 26.64554786682129 0.9611041929721832 0.04390436924621463
542_c6b98edfbb65320654b49557f8ea8b42 22.792934865951537 0.9242667100429535 0.07577388774231077
543_c6ca5b48d1e5f5ab89442e34f9143192 22.52450722694397 0.8887455260753632 0.08791996907629072
544_c6e3d9cf26016b5752aa494042b7c9db 26.526362228393555 0.9393764107227326 0.06639866036176681
545_c887bed724f4a30c31d6c59225b395cb 26.73340340614319 0.9521836488246918 0.05500867173820734
546_c896260b935971fc65d21723f535417 23.166056814193727 0.9186781108379364 0.11734676298871637
547_c8bd4d0ac34266ffaaa232d0915adae9 24.085194540023803 0.939812192440033 0.06360164869390428
548_c8d8089dade71547d2350421a9405ba 21.63260646343231 0.8952730233669282 0.10173079606890678
549_c8fb314a1866d1d2428df271ebc70bc0 25.67362735748291 0.9408230454921722 0.05067731827311218
550_c8fd6ee4bdbfa5cfbda3e4f05af7d436 24.989066925048828 0.9290867290496826 0.12018393497169018
551_c907a6cb1b178999c805dfe4ca9f2fdb 28.4760062122345 0.9664184489250183 0.044872007654979826
552_c916164d0e5c667a75ef328fc121b1c5 22.491130743026734 0.921495245218277 0.07508223580569029
553_ca0f99974520bde12776450c3e3bf20a 27.301698122024536 0.9512039668560028 0.057037987845018505
554_ca7202152b84a70fc6a4281cffc3c014 21.986483211517335 0.8650408282279968 0.1414834037721157
555_cb19594e73992a3d51008e496c6cfd2e 25.678122911453247 0.9403808341026306 0.055487065516412255
556_cba0b54cd104c411e9d8921ebe6d5b8e 22.898831667900087 0.9302991881370545 0.10384320046752692
557_cbe2dc469c47bb80425b2c354eccabaf 21.097126455307006 0.9161348712444305 0.06976210990920663
558_ccac541c0db2044736815730d7fe4119 23.697978019714355 0.9349340057373047 0.07073277433216572
559_ccca16b8302bc8bd13ded1857c15b5b6 22.368453016281126 0.9185871706008911 0.06565002248995006
560_cd67376cac9f989151008e496c6cfd2e 21.54202530860901 0.9253962259292603 0.07223318460211157
561_cd7feedd6041209131ac5fb37e6c8324 26.448578863143922 0.9403287558555603 0.06733396400138736
562_cd8956854d515c47374462542bf2aa29 26.718769083023073 0.9382611563205719 0.06784543875232339
563_cdc8453c63ffc13e20f29d4da2b76f7a 23.6282306432724 0.9145413699150086 0.07841131895408035
564_ced56d51c144b40373dc6d54075665ea 25.559699420928954 0.9426340458393097 0.059371990714222195
565_cf32af5869fee4d34eb766e5a46fceab 23.31197998046875 0.9308302819728851 0.06148866795748472
566_cfac6b6374bc4fedeb7780cdb3ece367 24.077137570381165 0.9178078870773315 0.10420420818030834
567_cfb4626f879c8355b4d8ed7f5558a6a6 24.7820041847229 0.9188270058631897 0.10606049738824368
568_d04fd72c36fbc71731d383b4a9dce77c 24.324581804275514 0.9270945990085602 0.06883029380068183
569_d09039d34746615fbb164ad50a9faee3 20.123056917190553 0.9072107849121094 0.09437482794001699
570_d0cf2f187acda5736be7348aa770e4ca 28.64417392730713 0.9537801682949066 0.044278849782422185
571_d142c919254dba0e41ab8016efaf0266 27.713609323501586 0.9386733901500702 0.06362481572479009
572_d164a37bffeb5a83f04c8b6c3407554 26.04568229675293 0.9517518742084503 0.059597468812018634
573_d1acd4916d3d3b57c48db2ed8f5e994c 18.635627770423888 0.8493923571109772 0.11622493216395378
574_d22a2d20acbdca70c972ff3f74d38438 21.812935543060302 0.9282764329910278 0.07769408621639014
575_d2592adba4e8e62648368c1a2f71c5f3 20.791806631088257 0.9024046692848205 0.06900149546563625
576_d2e1dc21db9b45df6436916a86a90ed7 25.427898654937746 0.9543547534942627 0.04867962307669222
577_d2efbf5a3b7ddbf94c0aa7c1668459cf 29.161300468444825 0.9585973634719849 0.05674633982032538
578_d32cd105c2dd79259d959a8bee08198a 26.607767190933227 0.9453442928791046 0.04928506070561707
579_d34b0494fc4d756ab927782fc69a1fbb 24.001494884490967 0.9214349863529205 0.07326237684488296
580_d353bf0e0dfe3ac29cbc1c09129e1507 15.58471851825714 0.8702629153728485 0.15318748793751003
581_d373922da2a6c73b616f13ee256019e3 25.791478366851806 0.9230447821617126 0.06834037746861577
582_d3d121f2e2d57b5cc5903e2355330295 23.932488775253297 0.9214137046337127 0.07682522273063659
583_d3f5e04481e69974d1521952154c90ff 21.796866717338563 0.8853482410907746 0.10522898793965578
584_d47353fc60390df85d918097f81825e3 25.913238792419435 0.9318464822769165 0.06406708747707307
585_d482029701573b9a43fb5689d5ce14d3 22.36978775024414 0.9065962533950805 0.14037427930533886
586_d513c968e5bfefd2516624d6e93a68b 23.163648710250854 0.9321266739368439 0.08068897515907883
587_d63110386a6bbd52d647b1c17442c93 23.428837652206422 0.9189632530212403 0.09526850506663323
588_d810d7f83632da71556235a31d374eb5 19.216724967956544 0.858644238948822 0.15938209806382655
589_d85d6bcdc81df377f52657bb1f80be90 24.838340730667113 0.9365365722179413 0.04781839053332806
590_d86119f06459e996897844133a297d65 20.285979385375978 0.8599170899391174 0.11949075808376074
591_d8f813278a49463db203f960004c7382 19.270673241615295 0.8636092429161072 0.14204672913253308
592_d953bbe38edbc6f4ea999fe4ffdc2504 25.05674680709839 0.9378336029052734 0.06811715017072856
593_d9838c0fcfd30659d9f8911ce020a037 23.333947610855102 0.9259309947490693 0.07056127441674472
594_da92c8d35fabe4093a67185d75524e9c 23.889038410186767 0.9386846849918365 0.06527694441750645
595_db216ae493f303f35b4953d8add91f 29.609386701583862 0.9612112882137298 0.046784141341224314
596_db392da8d05ec4d4f6d01abc93dc7d8d 22.139318380355835 0.9250507202148438 0.07195603930205106
597_db45ce3926c3ac69e8d8ad3bdef6aca2 27.44993426322937 0.9551979885101318 0.03577656633593142
598_db8eb94d24f5d8a2350dd0b332d84c76 24.23708303451538 0.9202451028823853 0.09754626011103391
599_dca8ed788347b28c171cf359a50c99bc 27.046810178756715 0.9535890331268311 0.05698047813586891
600_dd1bc8c4063a6521456a647a9e7d914e 19.620079612731935 0.9089184474945068 0.07858915768004954
601_dd35ef6632cf507804272696dc83193 26.09462550163269 0.939021598815918 0.06378039352595806
602_ddc63b22552ef13b734650590bacf709 23.753370189666747 0.9295879371166229 0.053281470654532315
603_ddea3123599a628ebecf71e2e014ff6f 24.303585128784178 0.9285670645236969 0.05487284504808485
604_de3280a89c7ccbcf946f6dc2df6150bc 23.58506664276123 0.9038813028335572 0.09144592542201281
605_de683c906ed97d7456ca31471168385 24.93762354850769 0.9358698120117187 0.046868317572399974
606_decdf28e46edc632bda733a39f84326d 28.03166202545166 0.9598096055984497 0.04436213955283165
607_ded68cb3b5318425bb164ad50a9faee3 17.936183233261108 0.8626154441833496 0.13149734434485436
608_dee6d83ec808d673c4e77c640c2391c7 20.155108332633972 0.8506103203296661 0.13058217751979828
609_df34c25a1e1abe9428044fe9244db50a 25.06788429260254 0.9329192957878113 0.0638597276955843
610_df72f352c7fedcfad9951d9ecda74409 21.121260180473328 0.8991741695404053 0.07056711345538497
611_dfa6c32dec07727ee9d8921ebe6d5b8e 18.84629343509674 0.8453614904880523 0.1405538377650082
612_e042d636cfca46f56436916a86a90ed7 19.163636493682862 0.8709405353069305 0.11181292657181621
613_e1c16a07b6e974b951a95aaa6caba1d3 23.583468742370606 0.9171634709835053 0.0792549353800714
614_e1c7c7fad8802d67fd6539c5080c830b 22.84170063972473 0.9005627322196961 0.06206468944437802
615_e1d2157def9f3ff469856ab03b318817 23.629432735443114 0.9168721175193787 0.09168661667779088
616_e20b8a9c388eeb012c8b6ee41d7d5d62 24.830208368301392 0.9298881762027741 0.08157699901983143
617_e213d976734431773a3afd30f2e86bd7 22.30818736553192 0.9197543580532074 0.07114116086065769
618_e23ae6404dae972093c80fb5c792f223 23.37164080619812 0.9207511730194092 0.08052108644321561
619_e24f388736f4e6fd2cdd250493632937 25.95785355567932 0.9387845139503479 0.06883996798098087
620_e27019b4147f868dbda733a39f84326d 23.54213701248169 0.9402120454311371 0.062423688814044
621_e2ceb9bf23b498dda7431386d9d22644 23.26196801662445 0.9327457249164581 0.08679260373488068
622_e300d58621f7d0e963d444e16188727b 29.39733995437622 0.9611427443027496 0.036224823337048295
623_e4886a4d0c6ea960fe21694bd5f519d1 27.3646971988678 0.9692411608695984 0.08434139346145093
624_e4cd5b3cbe9082f536699018d15f07da 26.429062004089356 0.9485270676612854 0.050930414410308
625_e56749ccdc861495b9e97c7f06f23bd5 27.412552042007448 0.948675606250763 0.05040066055580974
626_e5a3ffca76415acc33529abacbef3013 20.71221423149109 0.8923433480262757 0.11775414749234915
627_e624da8cd22f6d289bc0c5b67eaafbc 21.95998939037323 0.9154620516300201 0.06496486463956534
628_e66bbdf57fa6f7f575f257e5fe0a71cb 20.96791986465454 0.8851176795959472 0.09103405919671059
629_e673f203b40ef869567880160b3acb12 25.16221731185913 0.9437382135391236 0.04499097901768982
630_e703fadeba32d912452ffe4552686849 19.98302072048187 0.8680402073860168 0.11803703990578651
631_e729c1d5c3cccfb3bda733a39f84326d 28.439625835418703 0.9557853615283967 0.04680847182497382
632_e75846320e6aa623960b997a49ac99a7 22.658015146255494 0.9185964930057525 0.08033759690634906
633_e7c5fb8f7a553da7d7755e7baabe8a6f 24.71717396736145 0.928518114566803 0.07878019438125193
634_e7e94f8dbbe8c1e9784da3853aae78cd 27.264375810623168 0.953095933675766 0.04958430221118033
635_e920afce255de6ee3781057335c8a2e8 25.361784210205077 0.9382273118495941 0.06161083485931158
636_e93f88a9beb9ddbeaff90a85d875467 26.102681589126586 0.9480562312602997 0.05186460749804973
637_e9b2aebf673e516d1f0d59cde6139796 25.624324340820312 0.9196626174449921 0.07974138173088431
638_e9bccdd7a52f13329b3f352e6fa9112e 24.876294746398926 0.9392815730571746 0.0525982711808756
639_e9c2c31da871e0d6c203986ffbbb5e4a 19.372214493751525 0.8976494467258453 0.07697866098210215
640_ea7d39fcc3cf045dfc73a41845471b0e 26.268134660720825 0.9555158095359803 0.04596203855611384
641_ead6f85d2eaafab32aa8b7caea8a1807 25.174981956481933 0.9309341399669647 0.05185753455758095
642_eadebe4328e2c7d7c10520be41d00de2 22.454631185531618 0.913438405752182 0.0817890091650188
643_eaf664eaf6b27cd1905f30c879d154be 22.63740656375885 0.9047373881340027 0.14157859982550144
644_eafa5935e963b0035e875676652081cd 20.400987844467164 0.8588264524936676 0.14355858570337296
645_eb1bd7389854311c14f284ebe538e531 24.356143054962157 0.952652028799057 0.050262423971667886
646_eb56379e243b0e2090da6b3e2ed8b49d 21.23768762111664 0.9065842401981353 0.0754550674855709
647_eb59c9376d1e04ab49352dd33f95cb9e 25.79199337005615 0.9499834337234497 0.05702947785332799
648_ebd820a0694086e81f0d59cde6139796 22.635015153884886 0.9036118757724761 0.09432009747251868
649_ec42bd73d57580a85b48f89d50b1db79 27.4995631980896 0.939614456653595 0.06841989368014037
650_ec65260a83a395e850df5ffbac7e7f74 23.15915533065796 0.9171873054504395 0.08004695364832878
651_ed2e4dafc745bdd661fd7e090d4d0d45 27.268465414047242 0.9442292420864106 0.05658812776952982
652_ed4fb30733bd0979b1bb46d2556ba67d 25.852880544662476 0.9480687248706817 0.05419982670806348
653_edb2ab8a1d7e20f36436916a86a90ed7 18.935267210006714 0.8708630826473236 0.10261313616484403
654_ee1d28a50a2b71e129348d14ca881f7d 23.175372133255006 0.9306309473514557 0.0753321614805609
655_ee975a7e62edc7996a2345809e2bb169 25.796095762252808 0.9267370717525483 0.11626290225982666
656_eea7f5d02088d49dfdb3c05088c091ae 25.20496772766113 0.9426265277862549 0.04171889984048903
657_eec2ea5ac4e048836a2345809e2bb169 23.024136695861817 0.9214867923259735 0.08105739104747772
658_ef15b938dcfa9893c4d922e8a1141322 25.770694284439088 0.9564305582046508 0.04505357681773603
659_ef3ed9f139571826ce27281f3b76d1f5 24.46317484855652 0.9329892807006835 0.07622884031012654
660_ef77d2e622786026d32bfc7a837f790 24.3716148853302 0.9297395865917206 0.05258152347616851
661_eface8341d001e9ceb01ae4a4788bd4f 23.233569936752318 0.9179486002922058 0.0709983217716217
662_f03a4533fe681a155b48f89d50b1db79 26.03811460494995 0.9472846164703369 0.05565875288471579
663_f04f2fa810b6a66994abc9429888948c 24.766971588134766 0.9250925481319427 0.10389331258833408
664_f10f279643fbb3276a78cd0552215cff 24.61513258934021 0.9095178484916687 0.08120362270623445
665_f18093ac0242d439f500cc506a763c18 27.026842555999757 0.954363365650177 0.05856223590672016
666_f1b928427f5a3a7fc6d5ebddbbbc39f 25.0319376373291 0.9321120049953461 0.07896388359367848
667_f24129eb2169197c203f35d9b3b48203 23.4292436504364 0.9287695090770721 0.06810239861160516
668_f36ce0c0cd0cfacba7742c4ce47c2229 24.562364387512208 0.9276109826564789 0.06927563106641173
669_f3760c5e8b97149163b803b494079757 23.281783919334412 0.9138176257610321 0.13105443816632031
670_f4440b2cecde4131afe1d4530f4c6e24 25.781363611221312 0.9286376235485077 0.06999888140335679
671_f4498022df553505c35f22936e5aea5c 18.315400462150574 0.8343034961223602 0.1626618241891265
672_f48dcef252683ce552aa494042b7c9db 25.137805252075196 0.9287037506103516 0.0777037446461618
673_f49155170c175dff176be984cf2a7f4e 23.442091484069824 0.9297311868667603 0.06730248173512518
674_f4fffa99e8c2b9b627a00642873b9759 25.487072439193724 0.9525074672698974 0.05391381882317364
675_f51555db645f14468bac13e007a6e9 20.16656537055969 0.8868951640129089 0.10870967429131269
676_f5e0edd70d644777cf1e58caa15acb49 22.211455545425416 0.9238240740299225 0.07389533641189337
677_f60f11a1a8c8f89992691fb966926839 25.28797700881958 0.9484589097499847 0.05473874277621508
678_f66180e68fb1c98469f2880702ff1c7d 23.869729256629945 0.9132249438762665 0.09697258683294058
679_f723dd6b7a95e230c75bcb366ed55ad8 24.921312074661255 0.9386635940074921 0.06719909666292369
680_f7b61de5d6d919a8953536e7c905b301 26.20114098548889 0.9422527623176574 0.06146293439343572
681_f7c84d18011f76fe5e18329bdc55fc9 22.389109001159667 0.9025425102710724 0.0889168368242681
682_f7f7b1b4021be11afaeea7738551d104 21.010417714118958 0.8755655901432038 0.122544009976089
683_f84ba2039d0a4ec5afe717997470b28d 25.162231855392456 0.9383522493839264 0.04946223425865173
684_f850f5ddc42bdc3a117db354abf0d721 24.746277408599852 0.9138223602771759 0.09055725245550275
685_f8954a634d103c54ea778d6c713d08dc 24.748289823532104 0.9345978763103485 0.04890978305786848
686_f8ccef3ebeaac7c0539e4d34a3035bd8 28.171898155212403 0.95622287940979 0.044347353398799895
687_f9c2bc7b4ef896e7146ff63b4c7525d9 25.4918004322052 0.9224722836017608 0.08266461870074272
688_f9fbc58e3692c4d5583d20ad0a6b981d 23.515649909973146 0.9241350028514862 0.07127658254280686
689_fa234addf8fe4f7fbda733a39f84326d 27.90109055519104 0.9614129977226258 0.044441361051052806
690_fad616172dbd52649f06afd991af5139 22.992893562316894 0.9398886139392852 0.07764287264086306
691_fcd90d547fdeb629f200a72c9245aee7 25.643573360443114 0.9446987948417663 0.06068265485391021
692_fce2b933f93d132f4f45033b2f001552 22.58795349597931 0.9276438026428223 0.0601087176091969
693_fd50bc89fc1c1cfb7041f1c5e7744b16 25.65347776412964 0.9435361387729645 0.05571892190910876
694_fd7741b7927726bda37f3fc191551700 31.090007390975952 0.9652674162387848 0.0399821888115257
695_fdb16a8648016157994a3466f8481f8a 27.0042875289917 0.9415529780387878 0.08657061400264501
696_fe2ce22107693354f1cc1cb691702a23 22.40349904537201 0.9279641842842102 0.06353245753608644
697_fe3dc721f5026196d61b6a34f3fd808c 19.611672387123107 0.8808908610343933 0.07885513140261173
698_fe6749c82c57137b28044fe9244db50a 26.72624529838562 0.939750069618225 0.06172777894511819
699_fe860c6a74a86905468bac13e007a6e9 17.28197534561157 0.8273288486003876 0.153749509755522
700_fee1c13922c07e8711b978ff9450f61b 24.154361877441406 0.9227793800830841 0.06417894494906068
701_ff3c8e21a48ed17cc1bcae9def1986da 23.006203594207765 0.9220456593036651 0.06978079883567989
702_ff5ad56515bc0167500fb89d8b5ec70a 25.8107652759552 0.939631561756134 0.060709640372544525
703_ffbb51fcc3955d01b67c620b30c63392 28.127754430770874 0.9659724688529968 0.0474065937846899
